0.305000
0.305000
0.305000
0.326850
0.392400
0.392400
0.414250
0.414250
0.414250
0.457950
0.501650
0.501650
0.501650
0.523500
0.545350
0.567200
0.567200
0.567200
0.589050
0.610900
0.632750
0.632750
0.632750
0.654600
0.654600
0.654600
0.654600
0.676450
0.720150
0.720150
0.720150
0.742000
0.742000
0.742000
0.742000
0.742000
0.785700
0.829400
0.851250
0.851250
0.851250
0.873100
0.873100
0.873100
0.873100
0.894950
0.894950
0.894950
0.894950
0.916800
0.916800
0.916800
0.960500
0.960500
0.982350
0.982350
0.982350
0.982350
0.982350
1.026000
1.026000
1.047900
1.047900
1.069700
1.069700
1.069700
1.091600
1.091600
1.091600
1.091600
1.091600
1.091600
1.113400
1.113400
1.113400
1.135300
1.135300
1.157100
1.157100
1.157100
1.179000
1.179000
1.179000
1.200800
1.200800
1.200800
1.200800
1.200800
1.200800
1.222700
1.222700
1.244500
1.244500
1.244500
1.266400
1.266400
1.266400
1.266400
1.266400
1.266400
1.266400
1.266400
1.266400
1.288200
1.288200
1.288200
1.310100
1.310100
1.310100
1.310100
1.331900
1.331900
1.331900
1.353800
1.353800
1.353800
1.353800
1.353800
1.375600
1.375600
1.397500
1.397500
1.397500
1.419300
1.419300
1.441200
1.441200
1.441200
1.463000
1.463000
1.484900
1.484900
1.484900
1.506700
1.506700
1.528600
1.528600
1.528600
1.550400
1.550400
1.550400
1.550400
1.572300
1.572300
1.572300
1.572300
1.572300
1.572300
1.594100
1.594100
1.594100
1.594100
1.594100
1.616000
1.616000
1.616000
1.637800
1.637800
1.637800
1.637800
1.637800
1.637800
1.637800
1.659700
1.659700
1.659700
1.681500
1.681500
1.681500
1.703400
1.725200
1.725200
1.725200
1.747100
1.747100
1.768900
1.790800
1.812600
1.812600
1.812600
1.812600
1.812600
1.834500
1.834500
1.834500
1.856300
1.856300
1.856300
1.856300
1.878200
1.878200
1.878200
1.878200
1.878200
1.878200
1.900000
1.900000
1.900000
1.900000
1.921900
1.921900
1.921900
1.943700
1.965600
1.965600
1.965600
1.965600
1.965600
1.987400
1.987400
1.987400
1.987400
1.987400
2.009300
2.009300
2.009300
2.031100
2.031100
2.053000
2.053000
2.053000
2.053000
2.053000
2.053000
2.074800
2.074800
2.074800
2.074800
2.096700
2.096700
2.096700
2.096700
2.096700
2.096700
2.096700
2.118500
2.118500
2.118500
2.118500
2.140400
2.140400
2.140400
2.184100
2.184100
2.205900
2.205900
2.205900
2.205900
2.205900
2.205900
2.227800
2.227800
2.227800
2.227800
2.227800
2.227800
2.249600
2.249600
2.249600
2.271500
2.271500
2.271500
2.271500
2.271500
2.293300
2.293300
2.293300
2.315200
2.315200
2.315200
2.337000
2.337000
2.337000
2.337000
2.337000
2.358900
2.358900
2.358900
2.358900
2.358900
2.380700
2.380700
2.402600
2.402600
2.402600
2.402600
2.424400
2.424400
2.424400
2.424400
2.424400
2.424400
2.446300
2.446300
2.446300
2.468100
2.468100
2.468100
2.468100
2.468100
2.468100
2.468100
2.468100
2.490000
2.490000
2.490000
2.490000
2.490000
2.490000
2.490000
2.511800
2.511800
2.511800
2.511800
2.533700
2.533700
2.555500
2.577400
2.577400
2.577400
2.577400
2.577400
2.577400
2.577400
2.577400
2.599200
2.599200
2.599200
2.599200
2.599200
2.599200
2.599200
2.621100
2.621100
2.621100
2.621100
2.642900
2.642900
2.642900
2.642900
2.642900
2.664800
2.664800
2.686600
2.686600
2.686600
2.686600
2.686600
2.686600
2.686600
2.708500
2.708500
2.708500
2.708500
2.708500
2.708500
2.708500
2.730300
2.730300
2.730300
2.730300
2.752200
2.752200
2.752200
2.752200
2.752200
2.752200
2.752200
2.752200
2.752200
2.774000
2.774000
2.774000
2.774000
2.795900
2.795900
2.795900
2.817700
2.817700
2.817700
2.817700
2.817700
2.817700
2.839600
2.839600
2.839600
2.839600
2.839600
2.839600
2.839600
2.861400
2.861400
2.861400
2.883300
2.883300
2.883300
2.883300
2.883300
2.905100
2.905100
2.905100
2.905100
2.905100
2.905100
2.905100
2.905100
2.905100
2.927000
2.927000
2.927000
2.927000
2.927000
2.927000
2.927000
2.948800
2.948800
2.948800
2.948800
2.970700
2.970700
2.970700
2.970700
2.970700
2.992500
2.992500
2.992500
2.992500
2.992500
2.992500
2.992500
2.992500
3.014400
3.014400
3.014400
3.014400
3.036200
3.036200
3.036200
3.036200
3.036200
3.036200
3.036200
3.036200
3.036200
3.036200
3.058100
3.058100
3.058100
3.058100
3.058100
3.079900
3.079900
3.079900
3.079900
3.079900
3.101800
3.101800
3.101800
3.101800
3.101800
3.101800
3.101800
3.101800
3.101800
3.101800
3.123600
3.123600
3.123600
3.123600
3.123600
3.123600
3.123600
3.123600
3.123600
3.123600
3.145500
3.145500
3.145500
3.145500
3.145500
3.167300
3.167300
3.167300
3.167300
3.189200
3.189200
3.189200
3.189200
3.189200
3.211000
3.232900
3.232900
3.232900
3.254700
3.254700
3.254700
3.254700
3.254700
3.254700
3.276600
3.276600
3.276600
3.276600
3.276600
3.298400
3.298400
3.298400
3.298400
3.298400
3.298400
3.320300
3.320300
3.320300
3.320300
3.320300
3.320300
3.320300
3.320300
3.342100
3.342100
3.342100
3.342100
3.342100
3.342100
3.342100
3.364000
3.364000
3.364000
3.364000
3.364000
3.364000
3.385800
3.385800
3.385800
3.385800
3.385800
3.385800
3.407700
3.407700
3.407700
3.407700
3.407700
3.407700
3.407700
3.407700
3.429500
3.429500
3.429500
3.429500
3.429500
3.429500
3.429500
3.451400
3.451400
3.451400
3.451400
3.451400
3.473200
3.473200
3.473200
3.473200
3.473200
3.473200
3.473200
3.473200
3.473200
3.473200
3.473200
3.495100
3.495100
3.495100
3.495100
3.495100
3.516900
3.516900
3.516900
3.516900
3.516900
3.538800
3.538800
3.538800
3.560600
3.560600
3.582500
3.582500
3.582500
3.604300
3.604300
3.604300
3.626200
3.626200
3.626200
3.626200
3.626200
3.626200
3.648000
3.648000
3.648000
3.669900
3.691700
3.691700
3.691700
3.691700
3.691700
3.691700
3.691700
3.713600
3.713600
3.735400
3.735400
3.735400
3.735400
3.757300
3.757300
3.779100
3.801000
3.801000
3.801000
3.801000
3.801000
3.801000
3.822800
3.822800
3.822800
3.822800
3.822800
3.822800
3.844700
3.844700
3.844700
3.866500
3.866500
3.866500
3.866500
3.866500
3.888400
3.888400
3.888400
3.888400
3.910200
3.910200
3.932100
3.932100
3.932100
3.932100
3.932100
3.932100
3.953900
3.953900
3.975800
3.975800
3.975800
3.975800
3.975800
3.997600
3.997600
4.019500
4.019500
4.019500
4.019500
4.041300
4.041300
4.041300
4.041300
4.063200
4.063200
4.085000
4.085000
4.085000
4.128700
4.128700
4.150600
4.150600
4.150600
4.172400
4.172400
4.172400
4.172400
4.172400
4.172400
4.194300
4.194300
4.194300
4.238000
4.238000
4.238000
4.238000
4.259800
4.259800
4.259800
4.259800
4.281700
4.303500
4.303500
4.303500
4.303500
4.325400
4.325400
4.325400
4.369100
4.369100
4.369100
4.412800
4.412800
4.412800
4.412800
4.412800
4.412800
4.434600
4.456500
4.456500
4.456500
4.500200
4.500200
4.500200
4.500200
4.522000
4.522000
4.522000
4.522000
4.522000
4.522000
4.543900
4.543900
4.543900
4.543900
4.543900
4.543900
4.543900
4.565700
4.565700
4.565700
4.587600
4.587600
4.609400
4.631300
4.631300
4.631300
4.631300
4.631300
4.631300
4.653100
4.653100
4.653100
4.653100
4.675000
4.675000
4.675000
4.675000
4.675000
4.675000
4.675000
4.696800
4.718700
4.718700
4.718700
4.718700
4.762400
4.762400
4.762400
4.762400
4.784200
4.784200
4.784200
4.784200
4.806100
4.806100
4.806100
4.827900
4.827900
4.827900
4.827900
4.827900
4.849800
4.849800
4.849800
4.871600
4.871600
4.893500
4.893500
4.893500
4.915300
4.915300
4.915300
4.915300
4.915300
4.937200
4.937200
4.937200
4.959000
4.959000
4.959000
4.980900
4.980900
5.002700
5.002700
5.002700
5.024600
5.024600
5.024600
5.024600
5.046400
5.046400
5.046400
5.068300
5.068300
5.068300
5.090100
5.090100
5.090100
5.090100
5.090100
5.090100
5.090100
5.112000
5.112000
5.112000
5.133800
5.133800
5.133800
5.133800
5.155700
5.155700
5.155700
5.177500
5.177500
5.177500
5.199400
5.199400
5.221200
5.221200
5.243100
5.243100
5.264900
5.264900
5.286800
5.286800
5.308600
5.330500
5.330500
5.330500
5.352300
5.352300
5.352300
5.374200
5.374200
5.374200
5.374200
5.374200
5.396000
5.396000
5.396000
5.417900
5.417900
5.439700
5.439700
5.461600
5.461600
5.483400
5.505300
5.505300
5.527100
5.527100
5.527100
5.527100
5.549000
5.549000
5.549000
5.549000
5.570800
5.570800
5.570800
5.570800
5.570800
5.570800
5.592700
5.592700
5.592700
5.614500
5.614500
5.614500
5.614500
5.636400
5.658200
5.658200
5.658200
5.680100
5.680100
5.701900
5.701900
5.723800
5.723800
5.723800
5.723800
5.723800
5.745600
5.767500
5.767500
5.767500
5.767500
5.767500
5.789300
5.789300
5.811200
5.811200
5.811200
5.811200
5.833000
5.833000
5.854900
5.854900
5.854900
5.854900
5.854900
5.854900
5.876700
5.876700
5.898600
5.898600
5.920400
5.920400
5.920400
5.920400
5.920400
5.942300
5.942300
5.942300
5.942300
5.964100
5.964100
5.964100
5.964100
5.986000
5.986000
5.986000
6.007800
6.007800
6.007800
6.007800
6.007800
6.007800
6.007800
6.007800
6.007800
6.029700
6.029700
6.051500
6.051500
6.051500
6.051500
6.051500
6.073400
6.073400
6.073400
6.073400
6.095200
6.095200
6.095200
6.117100
6.117100
6.117100
6.117100
6.117100
6.117100
6.138900
6.138900
6.138900
6.138900
6.160800
6.160800
6.182600
6.182600
6.182600
6.182600
6.182600
6.182600
6.182600
6.204500
6.204500
6.204500
6.226300
6.226300
6.226300
6.226300
6.226300
6.226300
6.248200
6.248200
6.270000
6.291900
6.313700
6.313700
6.313700
6.313700
6.335600
6.335600
6.335600
6.357400
6.357400
6.357400
6.357400
6.357400
6.357400
6.379300
6.379300
6.379300
6.379300
6.401100
6.401100
6.401100
6.401100
6.401100
6.423000
6.423000
6.423000
6.423000
6.444800
6.444800
6.466700
6.466700
6.466700
6.488500
6.488500
6.488500
6.488500
6.510400
6.510400
6.510400
6.532200
6.532200
6.532200
6.532200
6.532200
6.554100
6.575900
6.575900
6.575900
6.575900
6.597800
6.597800
6.597800
6.619600
6.619600
6.619600
6.641500
6.641500
6.641500
6.663300
6.663300
6.663300
6.663300
6.663300
6.685200
6.685200
6.707000
6.707000
6.707000
6.707000
6.707000
6.707000
6.707000
6.728900
6.728900
6.750700
6.750700
6.750700
6.772600
6.772600
6.772600
6.772600
6.794400
6.794400
6.794400
6.794400
6.794400
6.794400
6.816300
6.816300
6.816300
6.838100
6.838100
6.838100
6.838100
6.860000
6.881800
6.881800
6.881800
6.881800
6.881800
6.881800
6.881800
6.881800
6.903700
6.903700
6.903700
6.903700
6.925500
6.925500
6.925500
6.947400
6.947400
6.947400
6.947400
6.947400
6.969200
6.969200
6.969200
6.969200
6.969200
6.969200
6.969200
6.969200
6.969200
6.991100
6.991100
6.991100
7.012900
7.012900
7.012900
7.034800
7.034800
7.034800
7.056600
7.056600
7.056600
7.056600
7.078500
7.078500
7.078500
7.100300
7.100300
7.100300
7.100300
7.100300
7.100300
7.100300
7.100300
7.100300
7.100300
7.122200
7.122200
7.122200
7.144000
7.144000
7.144000
7.144000
7.144000
7.144000
7.165900
7.165900
7.165900
7.165900
7.165900
7.165900
7.165900
7.165900
7.165900
7.187700
7.187700
7.187700
7.187700
7.187700
7.187700
7.187700
7.187700
7.187700
7.209600
7.209600
7.209600
7.231400
7.231400
7.231400
7.231400
7.231400
7.253300
7.253300
7.253300
7.253300
7.275100
7.275100
7.275100
7.275100
7.275100
7.275100
7.275100
7.275100
7.275100
7.297000
7.297000
7.297000
7.318800
7.318800
7.318800
7.318800
7.340700
7.340700
7.362500
7.362500
7.362500
7.384400
7.384400
7.384400
7.406200
7.406200
7.406200
7.428100
7.428100
7.428100
7.449900
7.449900
7.449900
7.449900
7.449900
7.449900
7.449900
7.471800
7.471800
7.471800
7.493600
7.515500
7.515500
7.515500
7.537300
7.537300
7.559200
7.581000
7.581000
7.602900
7.602900
7.602900
7.624700
7.624700
7.624700
7.646600
7.690300
7.712100
7.712100
7.712100
7.712100
7.712100
7.734000
7.734000
7.755800
7.755800
7.755800
7.755800
7.755800
7.777700
7.777700
7.777700
7.821400
7.821400
7.821400
7.821400
7.821400
7.843200
7.843200
7.843200
7.843200
7.843200
7.843200
7.865100
7.886900
7.886900
7.886900
7.908800
7.908800
7.908800
7.908800
7.930600
7.930600
7.952500
7.952500
7.952500
7.974300
7.996200
8.018000
8.061700
8.061700
8.061700
8.083600
8.083600
8.105400
8.105400
8.127300
8.127300
8.149100
8.171000
8.192800
8.214700
8.214700
8.236500
8.258400
8.280200
8.302100
8.345800
8.367600
8.389500
8.411300
8.411300
8.476900
8.476900
8.476900
8.476900
8.520600
8.520600
8.564300
8.608000
8.651700
8.717200
8.739100
8.760900
8.782800
8.804600
8.804600
8.848300
8.870200
8.870200
8.913900
8.935700
8.957600
8.957600
9.001300
9.001300
9.066800
9.110500
9.110500
9.132400
9.132400
9.132400
9.176100
9.197900
9.197900
9.197900
9.197900
9.219800
9.241600
9.263500
9.285300
9.350900
9.350900
9.350900
9.372700
9.394600
9.438300
9.438300
9.438300
9.460100
9.482000
9.503800
9.525700
9.547500
9.547500
9.547500
9.569400
9.591200
9.656800
9.656800
9.656800
9.678600
9.700500
9.744200
9.766000
9.787900
9.787900
9.809700
9.875300
9.897100
9.897100
9.919000
9.919000
9.984500
10.006000
10.050000
10.094000
10.116000
10.269000
10.290000
10.312000
10.356000
10.378000
10.378000
10.400000
10.422000
10.422000
10.465000
10.487000
10.553000
10.574000
10.574000
10.596000
10.596000
10.640000
10.662000
10.684000
10.684000
10.727000
10.771000
10.771000
10.968000
10.990000
11.055000
11.055000
11.143000
11.143000
11.208000
11.230000
11.230000
11.252000
11.274000
11.339000
11.492000
11.536000
11.558000
11.645000
11.689000
11.733000
11.798000
11.907000
11.929000
12.082000
12.104000
12.148000
12.170000
12.235000
12.497000
12.563000
12.738000
12.781000
12.803000
12.869000
13.000000
13.087000
13.240000
13.262000
13.262000
13.371000
13.393000
13.415000
13.437000
